120 80
1
6
3802
0 0
2 0
4 0
10 0
12 0
15 0
17 0
18 0
20 0
26 0
27 0
30 0
32 0
36 0
38 0
40 0
43 0
46 0
47 0
51 0
54 0
55 0
58 0
61 0
62 0
70 0
73 0
75 0
76 0
81 0
82 0
88 0
90 0
92 0
93 0
96 0
102 0
106 0
107 0
108 0
112 0
115 0
116 0
118 0
1 1
4 1
11 1
13 1
17 1
18 1
20 1
21 1
23 1
26 1
29 1
30 1
34 1
35 1
37 1
44 1
46 1
49 1
50 1
51 1
52 1
54 1
68 1
71 1
72 1
73 1
75 1
76 1
79 1
80 1
81 1
82 1
83 1
85 1
88 1
89 1
90 1
94 1
103 1
105 1
109 1
110 1
116 1
5 2
6 2
7 2
8 2
9 2
11 2
12 2
13 2
15 2
19 2
22 2
24 2
27 2
31 2
35 2
37 2
42 2
44 2
48 2
51 2
56 2
59 2
65 2
69 2
70 2
79 2
83 2
84 2
85 2
89 2
95 2
96 2
98 2
100 2
101 2
103 2
111 2
112 2
116 2
118 2
119 2
0 3
3 3
5 3
11 3
14 3
15 3
16 3
18 3
22 3
25 3
26 3
28 3
32 3
33 3
34 3
36 3
37 3
38 3
39 3
40 3
42 3
45 3
46 3
47 3
48 3
49 3
50 3
55 3
57 3
64 3
68 3
69 3
71 3
75 3
76 3
77 3
79 3
80 3
84 3
86 3
87 3
95 3
96 3
98 3
99 3
100 3
101 3
102 3
104 3
110 3
112 3
113 3
114 3
119 3
3 4
5 4
12 4
14 4
15 4
16 4
19 4
21 4
22 4
24 4
26 4
35 4
39 4
44 4
45 4
46 4
48 4
49 4
50 4
53 4
54 4
55 4
56 4
60 4
63 4
64 4
67 4
69 4
72 4
73 4
74 4
76 4
77 4
78 4
79 4
83 4
86 4
87 4
94 4
98 4
99 4
105 4
106 4
112 4
116 4
118 4
0 5
2 5
3 5
4 5
5 5
9 5
18 5
19 5
20 5
25 5
30 5
31 5
32 5
33 5
34 5
35 5
37 5
38 5
39 5
44 5
45 5
46 5
48 5
51 5
52 5
54 5
56 5
57 5
62 5
63 5
67 5
68 5
69 5
71 5
75 5
79 5
80 5
82 5
86 5
87 5
89 5
90 5
92 5
94 5
96 5
99 5
105 5
107 5
114 5
117 5
118 5
119 5
1 6
2 6
4 6
7 6
9 6
11 6
12 6
13 6
15 6
16 6
18 6
28 6
31 6
35 6
36 6
37 6
39 6
40 6
42 6
48 6
55 6
57 6
58 6
59 6
61 6
64 6
66 6
68 6
70 6
73 6
74 6
78 6
80 6
81 6
83 6
84 6
89 6
90 6
91 6
92 6
93 6
94 6
100 6
102 6
104 6
106 6
108 6
109 6
111 6
112 6
117 6
119 6
2 7
3 7
5 7
6 7
7 7
9 7
10 7
12 7
15 7
20 7
22 7
23 7
25 7
27 7
31 7
37 7
39 7
41 7
42 7
45 7
47 7
49 7
50 7
52 7
58 7
60 7
62 7
63 7
67 7
79 7
81 7
84 7
90 7
92 7
98 7
102 7
104 7
106 7
110 7
111 7
113 7
116 7
118 7
119 7
1 8
4 8
5 8
6 8
8 8
10 8
12 8
13 8
14 8
15 8
17 8
23 8
27 8
28 8
34 8
37 8
41 8
42 8
43 8
44 8
46 8
49 8
51 8
56 8
59 8
60 8
61 8
63 8
66 8
72 8
73 8
75 8
77 8
78 8
79 8
80 8
81 8
82 8
85 8
87 8
90 8
92 8
93 8
95 8
96 8
102 8
107 8
109 8
112 8
113 8
115 8
116 8
119 8
5 9
7 9
10 9
12 9
13 9
20 9
25 9
27 9
28 9
29 9
31 9
34 9
35 9
37 9
38 9
43 9
45 9
47 9
49 9
56 9
61 9
63 9
64 9
65 9
66 9
68 9
72 9
77 9
81 9
83 9
85 9
86 9
87 9
88 9
93 9
96 9
98 9
102 9
103 9
104 9
105 9
107 9
109 9
111 9
112 9
114 9
116 9
118 9
0 10
2 10
3 10
5 10
10 10
12 10
13 10
16 10
19 10
21 10
22 10
25 10
26 10
27 10
28 10
29 10
30 10
31 10
36 10
37 10
41 10
44 10
46 10
47 10
49 10
50 10
51 10
53 10
54 10
56 10
62 10
63 10
69 10
74 10
77 10
79 10
82 10
84 10
88 10
89 10
90 10
92 10
105 10
106 10
107 10
108 10
111 10
116 10
117 10
118 10
1 11
3 11
4 11
11 11
15 11
18 11
19 11
20 11
21 11
22 11
27 11
28 11
29 11
31 11
39 11
48 11
49 11
50 11
51 11
53 11
60 11
62 11
63 11
64 11
65 11
67 11
70 11
71 11
75 11
76 11
77 11
78 11
81 11
82 11
85 11
88 11
92 11
93 11
94 11
96 11
103 11
104 11
107 11
110 11
112 11
113 11
116 11
119 11
0 12
1 12
3 12
7 12
8 12
9 12
10 12
17 12
18 12
21 12
25 12
28 12
30 12
34 12
45 12
47 12
48 12
49 12
52 12
54 12
56 12
57 12
58 12
59 12
62 12
64 12
66 12
69 12
72 12
73 12
75 12
77 12
78 12
83 12
86 12
88 12
94 12
95 12
96 12
97 12
100 12
101 12
105 12
106 12
109 12
110 12
111 12
112 12
113 12
116 12
118 12
0 13
3 13
6 13
7 13
14 13
16 13
17 13
18 13
19 13
23 13
24 13
25 13
26 13
28 13
30 13
31 13
32 13
33 13
36 13
37 13
39 13
47 13
48 13
51 13
54 13
55 13
57 13
62 13
68 13
72 13
75 13
77 13
79 13
84 13
87 13
88 13
92 13
95 13
96 13
100 13
102 13
105 13
107 13
108 13
110 13
113 13
114 13
0 14
3 14
4 14
5 14
6 14
7 14
10 14
11 14
12 14
13 14
15 14
19 14
20 14
21 14
23 14
25 14
27 14
32 14
33 14
35 14
39 14
40 14
46 14
47 14
50 14
54 14
57 14
58 14
59 14
63 14
66 14
69 14
70 14
71 14
73 14
74 14
76 14
77 14
78 14
79 14
80 14
81 14
88 14
89 14
90 14
92 14
94 14
96 14
100 14
101 14
104 14
105 14
107 14
110 14
111 14
113 14
117 14
1 15
2 15
3 15
6 15
11 15
13 15
15 15
17 15
18 15
22 15
23 15
24 15
26 15
27 15
32 15
35 15
38 15
40 15
41 15
46 15
49 15
50 15
51 15
56 15
57 15
58 15
59 15
60 15
64 15
65 15
70 15
73 15
74 15
75 15
77 15
83 15
88 15
90 15
103 15
104 15
105 15
106 15
109 15
111 15
0 16
1 16
2 16
4 16
7 16
9 16
10 16
12 16
16 16
17 16
19 16
20 16
22 16
23 16
25 16
29 16
30 16
32 16
34 16
35 16
37 16
39 16
42 16
45 16
46 16
47 16
48 16
49 16
50 16
51 16
54 16
62 16
63 16
64 16
67 16
68 16
69 16
73 16
78 16
80 16
81 16
82 16
89 16
103 16
104 16
105 16
111 16
113 16
114 16
115 16
116 16
4 17
6 17
7 17
9 17
10 17
11 17
18 17
22 17
26 17
28 17
29 17
30 17
31 17
32 17
34 17
38 17
42 17
47 17
48 17
49 17
50 17
54 17
59 17
60 17
61 17
64 17
67 17
69 17
70 17
73 17
75 17
76 17
77 17
78 17
79 17
81 17
84 17
89 17
90 17
97 17
99 17
103 17
107 17
108 17
111 17
112 17
116 17
0 18
5 18
10 18
12 18
20 18
21 18
22 18
30 18
36 18
38 18
39 18
40 18
41 18
47 18
51 18
53 18
56 18
60 18
62 18
67 18
75 18
76 18
77 18
79 18
80 18
81 18
83 18
84 18
86 18
88 18
89 18
92 18
97 18
98 18
99 18
102 18
105 18
114 18
116 18
117 18
118 18
119 18
3 19
4 19
5 19
11 19
13 19
14 19
19 19
20 19
21 19
23 19
24 19
26 19
28 19
29 19
30 19
31 19
32 19
33 19
36 19
38 19
43 19
44 19
45 19
46 19
49 19
52 19
54 19
57 19
58 19
60 19
61 19
63 19
65 19
66 19
73 19
74 19
76 19
78 19
80 19
88 19
95 19
97 19
98 19
105 19
107 19
113 19
114 19
119 19
0 20
1 20
2 20
3 20
5 20
6 20
7 20
8 20
11 20
12 20
13 20
14 20
17 20
18 20
20 20
21 20
26 20
27 20
28 20
29 20
30 20
31 20
36 20
38 20
39 20
43 20
46 20
51 20
55 20
60 20
61 20
62 20
67 20
70 20
78 20
79 20
84 20
93 20
96 20
100 20
102 20
103 20
106 20
108 20
113 20
115 20
3 21
4 21
5 21
6 21
7 21
9 21
14 21
15 21
17 21
24 21
26 21
32 21
35 21
38 21
39 21
40 21
41 21
42 21
47 21
48 21
49 21
51 21
59 21
61 21
63 21
64 21
65 21
67 21
70 21
74 21
75 21
79 21
80 21
82 21
84 21
88 21
89 21
90 21
92 21
100 21
102 21
106 21
108 21
109 21
111 21
116 21
118 21
6 22
7 22
12 22
14 22
17 22
19 22
22 22
27 22
29 22
33 22
35 22
36 22
38 22
40 22
44 22
47 22
49 22
59 22
62 22
63 22
64 22
66 22
68 22
73 22
76 22
77 22
80 22
85 22
92 22
93 22
94 22
97 22
100 22
102 22
105 22
106 22
107 22
109 22
113 22
114 22
115 22
1 23
3 23
13 23
18 23
20 23
21 23
23 23
28 23
31 23
34 23
36 23
37 23
38 23
39 23
45 23
47 23
49 23
51 23
54 23
55 23
60 23
62 23
68 23
73 23
75 23
77 23
78 23
85 23
89 23
90 23
92 23
100 23
101 23
102 23
103 23
105 23
106 23
107 23
110 23
112 23
114 23
116 23
117 23
3 24
8 24
9 24
10 24
12 24
13 24
14 24
15 24
17 24
18 24
19 24
22 24
23 24
25 24
27 24
28 24
30 24
32 24
34 24
36 24
37 24
39 24
41 24
44 24
45 24
46 24
47 24
49 24
51 24
55 24
57 24
60 24
61 24
62 24
63 24
65 24
66 24
67 24
68 24
70 24
71 24
75 24
77 24
79 24
81 24
82 24
88 24
90 24
95 24
98 24
99 24
100 24
102 24
105 24
106 24
109 24
111 24
112 24
113 24
115 24
119 24
3 25
6 25
8 25
10 25
11 25
16 25
19 25
20 25
21 25
28 25
29 25
30 25
38 25
41 25
42 25
54 25
58 25
63 25
64 25
67 25
69 25
70 25
71 25
72 25
75 25
76 25
78 25
83 25
84 25
85 25
86 25
89 25
95 25
97 25
99 25
101 25
103 25
104 25
112 25
114 25
115 25
117 25
118 25
0 26
1 26
2 26
3 26
4 26
6 26
16 26
23 26
24 26
26 26
31 26
33 26
34 26
36 26
42 26
43 26
44 26
45 26
47 26
51 26
55 26
57 26
58 26
59 26
61 26
64 26
65 26
73 26
76 26
79 26
82 26
85 26
88 26
89 26
91 26
92 26
94 26
95 26
96 26
97 26
98 26
99 26
100 26
104 26
109 26
110 26
116 26
117 26
119 26
1 27
3 27
5 27
6 27
7 27
8 27
13 27
18 27
20 27
34 27
35 27
36 27
37 27
40 27
43 27
47 27
49 27
55 27
56 27
57 27
59 27
60 27
61 27
64 27
67 27
69 27
70 27
72 27
74 27
75 27
76 27
78 27
80 27
81 27
89 27
92 27
93 27
94 27
95 27
96 27
97 27
99 27
104 27
106 27
107 27
108 27
110 27
111 27
119 27
0 28
3 28
6 28
7 28
9 28
12 28
13 28
15 28
16 28
17 28
20 28
21 28
23 28
28 28
29 28
30 28
35 28
37 28
39 28
42 28
51 28
52 28
53 28
56 28
60 28
61 28
62 28
64 28
65 28
66 28
67 28
68 28
69 28
76 28
78 28
79 28
83 28
84 28
86 28
95 28
96 28
98 28
104 28
110 28
113 28
116 28
117 28
118 28
0 29
1 29
7 29
11 29
12 29
13 29
17 29
21 29
22 29
23 29
28 29
31 29
34 29
39 29
41 29
43 29
44 29
50 29
51 29
53 29
54 29
58 29
61 29
62 29
64 29
65 29
66 29
68 29
70 29
72 29
73 29
74 29
76 29
82 29
83 29
88 29
90 29
94 29
95 29
97 29
98 29
99 29
101 29
102 29
112 29
113 29
115 29
117 29
3 30
4 30
6 30
7 30
11 30
13 30
15 30
22 30
25 30
28 30
30 30
31 30
35 30
36 30
39 30
42 30
45 30
46 30
47 30
49 30
51 30
54 30
56 30
63 30
65 30
67 30
69 30
72 30
78 30
85 30
86 30
91 30
93 30
95 30
98 30
99 30
104 30
105 30
109 30
110 30
115 30
116 30
0 31
3 31
4 31
6 31
7 31
9 31
10 31
13 31
16 31
17 31
18 31
19 31
20 31
24 31
25 31
27 31
32 31
33 31
36 31
41 31
44 31
53 31
56 31
57 31
62 31
67 31
68 31
71 31
72 31
74 31
76 31
79 31
86 31
87 31
88 31
90 31
98 31
99 31
104 31
105 31
109 31
113 31
114 31
115 31
116 31
117 31
1 32
5 32
6 32
7 32
9 32
11 32
12 32
20 32
23 32
25 32
27 32
29 32
32 32
33 32
34 32
35 32
38 32
41 32
42 32
43 32
45 32
46 32
47 32
54 32
55 32
61 32
62 32
63 32
64 32
67 32
70 32
80 32
83 32
84 32
85 32
86 32
87 32
88 32
89 32
93 32
94 32
99 32
100 32
101 32
102 32
104 32
109 32
111 32
113 32
114 32
119 32
2 33
3 33
4 33
5 33
7 33
16 33
21 33
22 33
23 33
32 33
33 33
35 33
39 33
41 33
44 33
47 33
48 33
53 33
55 33
60 33
61 33
67 33
73 33
75 33
76 33
82 33
92 33
95 33
99 33
101 33
112 33
113 33
115 33
117 33
119 33
0 34
4 34
6 34
10 34
13 34
17 34
19 34
20 34
22 34
25 34
32 34
36 34
37 34
39 34
44 34
47 34
53 34
55 34
58 34
59 34
60 34
63 34
64 34
65 34
68 34
71 34
74 34
78 34
83 34
84 34
86 34
89 34
92 34
99 34
101 34
102 34
104 34
105 34
106 34
107 34
110 34
111 34
112 34
113 34
116 34
118 34
1 35
4 35
5 35
6 35
7 35
10 35
12 35
13 35
17 35
18 35
19 35
20 35
24 35
29 35
32 35
34 35
35 35
39 35
42 35
45 35
46 35
50 35
54 35
58 35
59 35
60 35
65 35
66 35
68 35
72 35
73 35
76 35
79 35
80 35
82 35
84 35
88 35
98 35
100 35
102 35
104 35
106 35
109 35
110 35
111 35
114 35
118 35
0 36
5 36
8 36
10 36
11 36
12 36
14 36
15 36
19 36
21 36
22 36
24 36
28 36
30 36
33 36
38 36
45 36
51 36
52 36
56 36
57 36
60 36
63 36
64 36
65 36
68 36
72 36
75 36
79 36
80 36
82 36
85 36
87 36
88 36
90 36
93 36
94 36
95 36
96 36
97 36
99 36
100 36
103 36
104 36
110 36
111 36
115 36
119 36
2 37
5 37
7 37
8 37
9 37
12 37
16 37
17 37
19 37
21 37
29 37
31 37
33 37
34 37
35 37
38 37
42 37
43 37
44 37
45 37
47 37
49 37
52 37
55 37
57 37
58 37
59 37
61 37
66 37
73 37
78 37
81 37
83 37
89 37
90 37
92 37
93 37
99 37
102 37
103 37
109 37
110 37
115 37
116 37
119 37
10 38
11 38
13 38
14 38
15 38
17 38
18 38
22 38
35 38
36 38
37 38
38 38
43 38
54 38
62 38
67 38
68 38
72 38
73 38
76 38
78 38
81 38
83 38
86 38
87 38
91 38
92 38
94 38
97 38
99 38
101 38
104 38
113 38
116 38
0 39
1 39
4 39
7 39
14 39
15 39
16 39
17 39
21 39
23 39
24 39
26 39
27 39
28 39
29 39
30 39
32 39
34 39
35 39
36 39
37 39
40 39
48 39
50 39
53 39
54 39
61 39
67 39
68 39
69 39
70 39
71 39
78 39
81 39
85 39
86 39
87 39
91 39
93 39
94 39
97 39
98 39
99 39
103 39
105 39
110 39
112 39
116 39
118 39
0 40
8 40
11 40
13 40
14 40
27 40
31 40
32 40
33 40
35 40
38 40
39 40
40 40
41 40
42 40
45 40
46 40
52 40
53 40
54 40
55 40
61 40
62 40
63 40
68 40
72 40
74 40
80 40
82 40
83 40
86 40
87 40
88 40
89 40
90 40
91 40
93 40
97 40
98 40
100 40
108 40
111 40
112 40
113 40
118 40
0 41
2 41
5 41
6 41
9 41
20 41
24 41
25 41
26 41
27 41
28 41
35 41
37 41
39 41
40 41
44 41
45 41
46 41
49 41
54 41
56 41
59 41
65 41
68 41
69 41
71 41
72 41
73 41
75 41
76 41
78 41
79 41
80 41
84 41
86 41
87 41
90 41
92 41
93 41
97 41
98 41
99 41
101 41
104 41
108 41
111 41
0 42
1 42
4 42
5 42
8 42
9 42
19 42
20 42
21 42
23 42
24 42
25 42
31 42
33 42
34 42
36 42
39 42
41 42
43 42
50 42
53 42
56 42
57 42
60 42
66 42
67 42
70 42
71 42
72 42
74 42
76 42
84 42
87 42
93 42
95 42
97 42
99 42
100 42
106 42
110 42
111 42
113 42
117 42
1 43
5 43
8 43
10 43
13 43
14 43
20 43
21 43
23 43
24 43
28 43
31 43
32 43
33 43
36 43
41 43
44 43
45 43
48 43
49 43
51 43
52 43
55 43
56 43
59 43
60 43
61 43
65 43
66 43
68 43
69 43
70 43
75 43
76 43
85 43
89 43
91 43
96 43
97 43
98 43
99 43
107 43
108 43
114 43
115 43
116 43
117 43
118 43
2 44
3 44
4 44
5 44
6 44
9 44
14 44
17 44
18 44
19 44
21 44
22 44
24 44
28 44
31 44
33 44
35 44
37 44
41 44
43 44
47 44
48 44
49 44
53 44
57 44
60 44
64 44
69 44
70 44
71 44
72 44
73 44
75 44
76 44
79 44
81 44
83 44
84 44
85 44
86 44
88 44
89 44
92 44
95 44
100 44
101 44
102 44
103 44
105 44
106 44
107 44
108 44
110 44
113 44
114 44
117 44
1 45
3 45
4 45
5 45
6 45
7 45
9 45
10 45
18 45
23 45
25 45
29 45
30 45
31 45
34 45
35 45
37 45
38 45
42 45
44 45
51 45
52 45
54 45
55 45
57 45
59 45
61 45
65 45
66 45
67 45
68 45
69 45
70 45
71 45
72 45
74 45
77 45
79 45
82 45
84 45
85 45
87 45
89 45
94 45
98 45
100 45
103 45
104 45
107 45
111 45
114 45
117 45
1 46
4 46
5 46
6 46
7 46
11 46
12 46
15 46
16 46
20 46
22 46
29 46
31 46
32 46
38 46
39 46
43 46
45 46
47 46
49 46
54 46
55 46
60 46
61 46
62 46
64 46
70 46
72 46
73 46
74 46
75 46
78 46
82 46
83 46
88 46
92 46
93 46
96 46
99 46
100 46
102 46
103 46
111 46
112 46
116 46
117 46
119 46
1 47
2 47
4 47
7 47
8 47
10 47
12 47
13 47
15 47
18 47
24 47
27 47
28 47
30 47
32 47
33 47
35 47
37 47
38 47
40 47
42 47
50 47
52 47
53 47
59 47
60 47
63 47
64 47
66 47
72 47
80 47
83 47
85 47
87 47
88 47
89 47
90 47
92 47
93 47
94 47
98 47
99 47
109 47
110 47
113 47
114 47
115 47
116 47
119 47
0 48
3 48
6 48
8 48
12 48
13 48
15 48
16 48
25 48
27 48
30 48
35 48
37 48
38 48
40 48
43 48
44 48
46 48
48 48
52 48
53 48
54 48
56 48
58 48
61 48
64 48
65 48
66 48
69 48
73 48
76 48
78 48
79 48
81 48
82 48
85 48
86 48
87 48
89 48
93 48
94 48
99 48
102 48
104 48
105 48
107 48
108 48
109 48
110 48
113 48
116 48
0 49
1 49
2 49
3 49
5 49
7 49
10 49
15 49
16 49
17 49
18 49
23 49
25 49
29 49
30 49
31 49
35 49
42 49
45 49
47 49
48 49
51 49
53 49
60 49
64 49
66 49
69 49
73 49
74 49
77 49
79 49
83 49
86 49
87 49
88 49
89 49
90 49
91 49
92 49
93 49
95 49
99 49
107 49
108 49
111 49
112 49
114 49
118 49
119 49
0 50
5 50
9 50
14 50
16 50
17 50
20 50
22 50
23 50
24 50
25 50
26 50
30 50
33 50
35 50
37 50
38 50
41 50
44 50
47 50
50 50
51 50
55 50
56 50
57 50
59 50
60 50
62 50
63 50
66 50
71 50
76 50
80 50
81 50
83 50
88 50
90 50
91 50
94 50
96 50
102 50
103 50
106 50
112 50
113 50
114 50
115 50
116 50
117 50
0 51
1 51
2 51
4 51
5 51
6 51
7 51
9 51
11 51
13 51
14 51
16 51
20 51
23 51
26 51
29 51
32 51
37 51
39 51
55 51
58 51
59 51
61 51
65 51
68 51
69 51
70 51
72 51
73 51
75 51
76 51
79 51
80 51
82 51
85 51
87 51
89 51
92 51
95 51
99 51
100 51
102 51
105 51
106 51
108 51
111 51
113 51
118 51
1 52
3 52
6 52
7 52
9 52
12 52
14 52
15 52
27 52
28 52
29 52
34 52
35 52
36 52
38 52
44 52
45 52
52 52
53 52
56 52
63 52
65 52
69 52
72 52
74 52
79 52
83 52
86 52
87 52
90 52
91 52
92 52
93 52
95 52
101 52
102 52
103 52
107 52
111 52
115 52
118 52
119 52
0 53
1 53
2 53
4 53
10 53
12 53
21 53
23 53
25 53
26 53
27 53
35 53
36 53
41 53
42 53
44 53
48 53
49 53
55 53
69 53
70 53
71 53
75 53
79 53
82 53
83 53
84 53
89 53
93 53
98 53
101 53
102 53
103 53
107 53
108 53
109 53
114 53
115 53
116 53
0 54
5 54
13 54
15 54
18 54
19 54
22 54
23 54
25 54
27 54
31 54
38 54
41 54
43 54
44 54
47 54
53 54
60 54
63 54
74 54
75 54
76 54
77 54
81 54
82 54
84 54
86 54
89 54
90 54
93 54
96 54
102 54
103 54
105 54
110 54
111 54
115 54
116 54
119 54
0 55
3 55
5 55
7 55
9 55
11 55
18 55
19 55
20 55
21 55
27 55
28 55
33 55
34 55
36 55
42 55
45 55
46 55
52 55
53 55
56 55
57 55
61 55
62 55
66 55
75 55
76 55
80 55
82 55
87 55
91 55
92 55
94 55
95 55
98 55
99 55
105 55
108 55
114 55
119 55
0 56
3 56
5 56
6 56
7 56
8 56
10 56
12 56
14 56
17 56
19 56
21 56
22 56
24 56
25 56
26 56
29 56
40 56
43 56
44 56
45 56
47 56
48 56
49 56
50 56
56 56
57 56
58 56
61 56
62 56
63 56
68 56
69 56
70 56
73 56
75 56
77 56
78 56
80 56
81 56
82 56
83 56
86 56
92 56
94 56
95 56
96 56
98 56
99 56
100 56
103 56
104 56
106 56
108 56
109 56
110 56
111 56
112 56
113 56
115 56
116 56
117 56
118 56
119 56
0 57
2 57
3 57
4 57
5 57
9 57
12 57
23 57
26 57
29 57
33 57
34 57
37 57
39 57
41 57
42 57
44 57
48 57
50 57
51 57
52 57
53 57
56 57
57 57
58 57
59 57
60 57
67 57
69 57
72 57
75 57
76 57
77 57
79 57
81 57
83 57
85 57
89 57
90 57
92 57
93 57
94 57
96 57
97 57
98 57
100 57
102 57
106 57
109 57
112 57
118 57
0 58
2 58
4 58
7 58
8 58
9 58
12 58
13 58
14 58
15 58
16 58
18 58
19 58
20 58
23 58
24 58
28 58
30 58
32 58
36 58
38 58
40 58
41 58
43 58
44 58
46 58
49 58
50 58
53 58
56 58
57 58
59 58
60 58
63 58
65 58
66 58
68 58
69 58
73 58
78 58
82 58
83 58
85 58
86 58
92 58
93 58
95 58
97 58
100 58
104 58
105 58
107 58
108 58
114 58
115 58
116 58
117 58
1 59
2 59
4 59
6 59
10 59
18 59
22 59
23 59
24 59
27 59
32 59
37 59
38 59
44 59
47 59
51 59
53 59
55 59
56 59
58 59
59 59
60 59
64 59
69 59
70 59
77 59
80 59
81 59
85 59
97 59
104 59
105 59
106 59
115 59
116 59
119 59
11 60
12 60
18 60
19 60
20 60
21 60
24 60
26 60
27 60
29 60
31 60
32 60
35 60
38 60
42 60
43 60
46 60
48 60
49 60
52 60
55 60
57 60
58 60
61 60
62 60
65 60
68 60
73 60
74 60
75 60
77 60
78 60
79 60
80 60
81 60
82 60
84 60
85 60
87 60
88 60
89 60
91 60
94 60
95 60
98 60
99 60
101 60
102 60
103 60
104 60
105 60
106 60
107 60
108 60
111 60
114 60
115 60
116 60
117 60
0 61
6 61
8 61
11 61
12 61
15 61
19 61
23 61
24 61
28 61
32 61
33 61
40 61
43 61
44 61
45 61
46 61
47 61
48 61
51 61
54 61
55 61
56 61
57 61
62 61
64 61
65 61
66 61
67 61
72 61
73 61
75 61
76 61
78 61
80 61
81 61
84 61
85 61
88 61
89 61
90 61
91 61
97 61
99 61
105 61
106 61
107 61
108 61
109 61
110 61
111 61
112 61
113 61
114 61
116 61
117 61
118 61
119 61
2 62
5 62
22 62
23 62
24 62
25 62
26 62
28 62
29 62
33 62
35 62
36 62
37 62
48 62
51 62
52 62
53 62
56 62
57 62
58 62
60 62
61 62
63 62
64 62
67 62
68 62
70 62
76 62
78 62
79 62
81 62
83 62
84 62
89 62
90 62
91 62
94 62
96 62
97 62
103 62
107 62
111 62
115 62
2 63
4 63
5 63
8 63
10 63
12 63
14 63
15 63
16 63
18 63
19 63
23 63
24 63
30 63
31 63
33 63
35 63
37 63
38 63
41 63
42 63
47 63
48 63
49 63
50 63
52 63
53 63
55 63
61 63
64 63
66 63
69 63
70 63
73 63
74 63
76 63
78 63
79 63
81 63
82 63
84 63
86 63
88 63
89 63
91 63
94 63
95 63
97 63
98 63
107 63
109 63
2 64
4 64
5 64
6 64
8 64
10 64
11 64
12 64
13 64
16 64
17 64
21 64
26 64
29 64
30 64
33 64
34 64
35 64
36 64
37 64
38 64
40 64
41 64
43 64
45 64
47 64
48 64
53 64
54 64
56 64
57 64
58 64
59 64
61 64
63 64
67 64
68 64
70 64
73 64
74 64
75 64
81 64
83 64
86 64
89 64
91 64
93 64
94 64
95 64
97 64
98 64
99 64
100 64
103 64
104 64
105 64
108 64
112 64
113 64
115 64
117 64
119 64
1 65
2 65
4 65
8 65
13 65
15 65
16 65
18 65
19 65
20 65
26 65
30 65
35 65
38 65
40 65
42 65
46 65
47 65
48 65
49 65
50 65
53 65
54 65
55 65
56 65
57 65
59 65
62 65
66 65
67 65
68 65
74 65
76 65
77 65
80 65
83 65
85 65
86 65
87 65
90 65
92 65
93 65
99 65
103 65
104 65
109 65
110 65
0 66
1 66
3 66
4 66
6 66
8 66
11 66
12 66
13 66
16 66
18 66
20 66
21 66
23 66
27 66
31 66
36 66
41 66
43 66
44 66
46 66
51 66
54 66
56 66
61 66
66 66
67 66
70 66
73 66
74 66
77 66
78 66
79 66
81 66
84 66
86 66
90 66
91 66
93 66
94 66
99 66
105 66
109 66
112 66
115 66
1 67
4 67
5 67
9 67
17 67
21 67
22 67
26 67
29 67
30 67
34 67
36 67
37 67
39 67
44 67
46 67
51 67
53 67
61 67
62 67
63 67
65 67
67 67
71 67
72 67
79 67
81 67
90 67
91 67
98 67
100 67
101 67
102 67
106 67
107 67
108 67
110 67
112 67
114 67
115 67
5 68
10 68
12 68
13 68
16 68
17 68
18 68
20 68
21 68
23 68
26 68
32 68
38 68
40 68
41 68
42 68
45 68
46 68
47 68
49 68
51 68
53 68
55 68
60 68
61 68
63 68
66 68
67 68
68 68
72 68
73 68
77 68
81 68
82 68
83 68
84 68
86 68
87 68
91 68
93 68
97 68
100 68
101 68
107 68
112 68
113 68
114 68
115 68
116 68
117 68
118 68
119 68
0 69
2 69
3 69
8 69
10 69
11 69
12 69
13 69
14 69
15 69
18 69
20 69
23 69
24 69
25 69
28 69
32 69
35 69
36 69
37 69
39 69
40 69
42 69
45 69
47 69
48 69
49 69
54 69
56 69
57 69
58 69
69 69
72 69
78 69
80 69
82 69
86 69
87 69
88 69
92 69
94 69
95 69
97 69
98 69
100 69
102 69
103 69
104 69
110 69
113 69
115 69
117 69
1 70
4 70
8 70
10 70
12 70
16 70
17 70
22 70
30 70
31 70
32 70
33 70
34 70
35 70
36 70
37 70
38 70
42 70
43 70
44 70
45 70
48 70
50 70
61 70
70 70
71 70
73 70
78 70
79 70
80 70
82 70
83 70
84 70
85 70
89 70
92 70
94 70
98 70
99 70
100 70
101 70
102 70
103 70
106 70
107 70
109 70
113 70
117 70
118 70
119 70
1 71
4 71
5 71
6 71
7 71
9 71
10 71
12 71
17 71
24 71
26 71
27 71
32 71
34 71
38 71
39 71
41 71
44 71
45 71
49 71
54 71
56 71
57 71
58 71
61 71
62 71
63 71
65 71
67 71
68 71
72 71
75 71
76 71
80 71
82 71
96 71
97 71
98 71
101 71
103 71
108 71
110 71
112 71
115 71
116 71
119 71
0 72
7 72
9 72
13 72
14 72
18 72
24 72
27 72
35 72
36 72
38 72
40 72
42 72
44 72
45 72
48 72
49 72
50 72
51 72
52 72
54 72
56 72
64 72
70 72
71 72
72 72
74 72
82 72
84 72
87 72
88 72
89 72
90 72
94 72
98 72
100 72
102 72
103 72
104 72
105 72
109 72
113 72
115 72
117 72
119 72
0 73
5 73
8 73
11 73
12 73
13 73
14 73
15 73
26 73
27 73
30 73
31 73
32 73
33 73
35 73
36 73
45 73
49 73
50 73
55 73
56 73
57 73
58 73
64 73
65 73
68 73
77 73
79 73
84 73
86 73
90 73
91 73
92 73
93 73
95 73
96 73
97 73
98 73
99 73
101 73
102 73
103 73
104 73
107 73
113 73
114 73
116 73
2 74
3 74
6 74
9 74
10 74
12 74
14 74
19 74
24 74
26 74
27 74
28 74
30 74
32 74
37 74
38 74
39 74
43 74
46 74
47 74
52 74
53 74
54 74
57 74
60 74
61 74
65 74
67 74
68 74
76 74
81 74
82 74
83 74
89 74
93 74
94 74
96 74
100 74
103 74
107 74
108 74
109 74
112 74
114 74
0 75
1 75
2 75
5 75
6 75
7 75
9 75
11 75
14 75
16 75
19 75
24 75
35 75
37 75
38 75
42 75
44 75
48 75
51 75
55 75
56 75
61 75
63 75
64 75
65 75
67 75
68 75
69 75
72 75
75 75
79 75
82 75
85 75
87 75
92 75
98 75
102 75
104 75
107 75
108 75
109 75
110 75
111 75
112 75
115 75
117 75
119 75
0 76
2 76
4 76
6 76
9 76
12 76
14 76
15 76
17 76
18 76
25 76
31 76
33 76
34 76
35 76
43 76
47 76
49 76
53 76
56 76
57 76
58 76
61 76
62 76
63 76
64 76
65 76
66 76
69 76
75 76
77 76
80 76
81 76
82 76
85 76
87 76
90 76
93 76
94 76
95 76
98 76
106 76
107 76
109 76
117 76
1 77
2 77
6 77
7 77
8 77
10 77
11 77
14 77
15 77
17 77
20 77
25 77
26 77
27 77
32 77
33 77
38 77
39 77
41 77
43 77
44 77
49 77
53 77
54 77
58 77
60 77
63 77
65 77
67 77
72 77
74 77
75 77
77 77
78 77
79 77
80 77
84 77
85 77
86 77
88 77
90 77
93 77
94 77
96 77
97 77
99 77
102 77
103 77
104 77
105 77
109 77
110 77
111 77
114 77
116 77
118 77
2 78
7 78
9 78
10 78
11 78
13 78
15 78
21 78
22 78
23 78
28 78
31 78
34 78
36 78
39 78
40 78
43 78
44 78
46 78
49 78
52 78
53 78
55 78
56 78
58 78
59 78
63 78
64 78
66 78
70 78
76 78
77 78
79 78
80 78
85 78
94 78
95 78
96 78
102 78
103 78
106 78
107 78
110 78
112 78
118 78
119 78
2 79
7 79
11 79
16 79
17 79
20 79
23 79
25 79
27 79
30 79
35 79
38 79
41 79
45 79
47 79
49 79
53 79
58 79
60 79
63 79
64 79
71 79
76 79
78 79
80 79
83 79
84 79
90 79
104 79
105 79
109 79
110 79
113 79
115 79
116 79
117 79

